Done: 3/6 time: 0.01273488998413086 | 0.358212947845459
Done: 4/6 time: 0.013835668563842773 | 0.7380619049072266
Done: 5/6 time: 0.020886898040771484 | 4.4135355949401855
Done: 6/6 time: 0.031111717224121094 | 24.041181564331055